1447374378
1447376508
1447378588
1447381158
1447407864
1447410407
1447413301
1447415412
1447420887
1447422987
1447424957
1447426870
1447429081
1447431349
1447431349
1447433127
1447433127
1447435218
1447435218
1447437092
1447441855
1447453556
1447453556
1447453556
1447456693
1447459466
1447460851
1447460851
1447462569
1447462569
1447505292
1447505292
1447506594
1447506594
1447506594
1447506594
1447506594
1447506594
1447506594
1447509056
1447509056
1447509056
1447509056
1447510799
1447510799
1447510799
1447514569
1447514569
1447516504
1447516504
1447516504
1447516504
1447523632
1447525700
1447533692
1447535942
1447539191
1447541175
1447543681
1447545438
1447547432
1447549450
1447552814
1447553728
1447580671
1447582666
1447584601
1447587972
1447590476
1447592498
1447596406
1447599515
1447602181
1447604072
1447605739
1447608550
1447613831
1447616162
1447618036
1447621764
1447624216
1447625787
1447628205
1447629563
1447631584
1447633148
